1 3 1 3 1 1 1 1 1 1 1 1 3 1 1 3 1 1 1 1 1 1 1 3 4 2 4 3 1 1 1 1 1 1 3 1 1 3 1 3 1 1 1 1 1 1 1 1 1 1
1 1 1 1 1 1 1 1 1 3 3 1 1 1 1 3 1 1 3 1 1 1 1 3 4 2 4 1 1 1 1 1 3 1 1 3 1 1 1 1 1 3 1 1 1 1 1 1 1 1
1 1 13 1 1 1 1 1 1 1 1 1 1 1 1 1 1 1 1 1 1 1 1 1 4 2 4 1 1 1 1 3 1 1 1 1 1 1 1 1 1 1 12 1 1 1 1 1 1 1
1 1 1 1 3 1 1 1 1 1 1 1 1 1 1 1 1 1 3 3 1 1 1 1 4 2 4 1 1 1 1 3 1 1 1 1 1 1 1 1 1 1 1 1 1 1 1 1 1 1
1 1 1 1 1 1 3 1 1 1 1 3 1 1 1 1 1 1 1 1 1 1 1 1 4 2 4 1 3 1 3 1 1 1 1 1 1 1 1 1 1 1 1 1 1 1 1 1 1 1
1 1 1 1 1 1 1 1 1 1 1 1 1 1 1 3 3 1 1 1 3 1 3 1 4 2 4 1 1 1 1 1 1 1 3 1 1 1 1 3 1 3 1 1 1 1 1 1 1 1
1 1 1 1 1 1 1 3 3 1 1 1 1 1 1 1 1 1 1 1 1 3 1 1 4 2 4 1 1 1 1 1 1 1 1 1 1 1 1 1 1 1 1 1 1 1 1 3 1 1
1 1 1 1 1 1 1 1 1 1 1 1 1 1 1 1 3 1 1 1 1 1 1 1 4 2 4 1 1 1 1 3 1 1 1 1 1 1 1 1 1 1 1 1 1 1 3 1 1 1
1 1 1 3 1 1 1 1 1 1 3 3 1 1 11 1 1 1 1 1 1 3 1 1 4 2 4 1 1 1 1 1 4 4 4 4 4 4 4 3 1 1 1 1 1 1 1 1 1 1
1 3 3 1 4 4 4 4 4 4 4 3 1 1 1 1 1 1 1 3 1 3 1 1 4 2 4 1 1 1 1 1 4 5 5 5 5 5 4 1 1 1 1 1 1 1 1 1 3 1
1 1 1 1 4 5 5 5 5 5 4 3 1 1 1 1 1 1 1 1 1 1 1 1 1 2 1 1 1 1 1 1 4 5 5 5 5 5 4 1 1 1 1 1 1 1 1 1 1 1
3 1 1 1 4 5 5 5 5 5 4 1 3 1 1 1 1 1 1 1 1 1 1 1 4 2 4 3 1 1 1 1 4 5 5 7 5 5 4 1 3 1 1 3 1 1 1 1 3 1
1 3 1 1 4 5 5 7 5 5 4 1 1 1 1 1 1 1 1 3 1 1 1 3 4 2 4 1 1 1 1 1 4 5 5 5 5 5 4 1 1 1 1 1 3 1 1 1 1 4
1 1 1 1 4 5 5 5 5 5 4 1 1 1 1 1 1 1 1 1 1 1 1 1 4 2 4 1 1 1 1 1 4 5 5 5 5 5 2 2 2 1 1 1 1 1 1 1 1 1
1 3 1 1 4 5 5 5 5 5 4 1 1 1 1 1 1 1 1 1 3 1 1 1 4 2 4 3 1 1 1 3 4 4 4 4 4 4 4 3 2 1 1 1 1 1 1 1 1 3
1 1 1 3 4 4 4 2 4 4 4 1 1 1 1 1 1 1 3 1 1 1 3 1 4 2 4 1 1 1 1 1 1 1 1 1 1 3 1 1 2 1 1 1 1 1 1 1 1 1
1 1 1 1 1 1 1 2 1 1 1 1 3 1 1 1 1 1 1 1 1 1 1 1 4 2 4 1 1 1 1 1 1 1 1 1 1 1 1 1 2 1 1 1 1 1 1 1 1 3
1 1 1 1 1 1 1 2 1 1 1 1 1 1 1 3 1 1 1 1 1 1 1 1 4 2 4 1 1 10 1 1 1 3 1 3 3 3 1 1 2 1 1 1 1 1 1 1 1 1
1 1 1 1 3 1 1 2 2 2 2 1 1 1 1 1 1 1 1 1 1 1 3 1 4 2 4 1 1 1 1 1 1 1 1 1 1 1 1 3 2 1 1 1 3 3 1 1 1 1
1 1 1 1 1 1 1 1 3 1 2 1 1 1 1 1 1 1 1 1 1 1 1 3 4 2 4 1 1 1 1 1 1 1 1 1 1 1 1 1 2 1 3 1 1 1 1 1 1 1
1 1 1 3 1 1 1 1 1 1 2 3 1 1 1 1 1 1 1 1 1 1 1 1 4 2 4 1 1 1 3 1 1 1 1 3 1 1 1 1 2 1 1 1 1 1 1 3 1 1
1 1 1 1 3 1 3 1 1 1 2 1 3 1 1 1 1 3 1 3 3 1 1 1 4 2 4 1 1 3 1 1 1 1 1 1 1 1 1 1 2 1 3 1 1 1 1 1 1 1
3 1 3 1 1 1 3 1 1 1 2 1 1 1 1 1 1 3 1 1 1 3 6 6 6 2 6 6 6 1 1 1 1 1 1 1 1 1 1 1 2 1 1 1 1 1 1 1 1 1
1 1 1 1 1 1 1 1 1 1 2 1 1 3 1 1 1 1 1 1 1 1 6 5 5 5 5 5 6 1 1 1 3 1 1 3 1 1 1 1 2 1 1 1 1 1 1 1 1 1
4 4 4 4 4 4 4 4 4 4 2 4 4 4 4 4 4 4 4 4 4 4 6 5 5 5 5 5 6 4 4 4 4 4 4 4 4 4 4 4 2 4 4 4 4 4 4 4 4 4
2 2 2 2 2 2 2 2 2 2 2 2 2 2 2 2 2 2 2 2 2 2 2 5 5 7 5 5 2 2 2 2 2 2 2 2 2 2 2 2 2 2 2 2 2 2 2 2 2 2
4 4 4 4 4 4 4 4 4 4 1 4 4 4 4 4 4 4 4 4 4 4 6 5 5 5 5 5 6 4 4 4 4 4 4 4 4 4 4 4 1 4 4 4 4 4 4 4 4 4
1 1 1 1 1 1 1 1 1 1 3 1 1 1 1 1 1 1 1 1 1 1 6 5 5 5 5 5 6 1 1 1 1 1 1 1 1 1 3 1 1 1 1 1 3 1 1 1 1 1
1 1 1 1 1 3 1 1 1 1 1 1 1 3 1 3 1 1 1 1 1 1 6 6 6 2 6 6 6 1 1 1 1 3 1 1 1 1 1 1 1 1 1 1 3 1 1 1 1 1
1 1 1 1 1 1 1 1 1 1 1 1 1 1 1 1 3 1 1 1 3 1 1 1 4 2 4 1 1 1 3 1 1 1 1 1 1 1 1 3 1 1 1 1 1 1 1 3 1 1
1 1 3 1 1 1 3 1 1 1 1 1 1 1 1 1 1 1 1 1 1 1 1 1 4 2 4 3 1 1 1 1 1 1 1 1 1 1 1 1 1 1 1 1 1 1 1 1 3 1
1 1 1 1 1 1 1 3 1 1 1 1 1 1 1 1 1 1 1 1 1 1 1 1 4 2 4 1 1 1 1 3 1 1 1 1 1 1 1 1 3 1 3 1 1 1 1 3 1 1
1 1 1 1 1 1 1 1 1 1 1 3 1 1 1 1 1 1 1 1 1 1 1 1 4 2 4 3 1 1 3 1 1 1 1 1 1 1 1 1 1 1 1 1 1 1 1 1 1 1
1 1 1 1 1 3 1 1 1 1 1 1 1 1 1 1 1 3 1 1 1 1 1 1 4 2 4 1 1 1 1 1 1 1 1 1 1 1 1 1 3 1 1 1 1 1 1 1 1 1
1 1 1 1 1 1 1 1 1 1 1 1 1 1 1 1 1 1 1 1 1 1 1 1 4 2 4 1 1 1 1 1 1 1 1 1 1 1 1 3 1 1 1 1 3 1 1 3 1 1
1 1 3 1 1 1 1 1 3 1 1 1 1 1 1 1 1 1 3 1 3 3 1 1 4 2 4 1 1 1 1 1 1 1 1 1 3 1 1 1 1 1 1 3 1 1 1 3 1 1
1 1 3 1 1 1 1 1 1 1 1 1 1 1 1 1 1 1 1 1 3 1 1 1 4 2 4 1 1 1 1 1 1 1 1 1 1 1 1 1 1 1 1 1 1 1 1 1 1 1
1 1 1 3 1 3 1 1 1 1 1 1 1 1 1 1 1 1 1 1 1 1 1 1 4 2 4 1 1 1 1 1 1 1 1 1 1 1 1 1 1 1 3 1 1 1 1 1 1 1
1 3 1 1 1 1 1 1 1 1 1 1 1 1 3 1 1 1 1 1 1 1 1 1 4 2 4 1 1 1 1 1 3 1 1 1 1 1 1 1 3 1 3 1 1 3 1 1 1 3
1 1 1 1 1 1 1 1 1 1 1 1 1 1 1 1 1 1 1 1 1 1 1 1 4 2 4 1 1 1 1 3 1 1 1 1 1 1 1 1 1 3 1 1 1 1 1 1 1 1
1 1 1 1 1 1 1 1 1 1 1 1 3 1 1 1 1 1 1 1 1 1 1 1 1 12 3 1 1 1 1 1 1 1 1 1 3 1 1 1 1 1 1 1 1 1 1 1 1 1
1 1 1 1 1 1 1 1 3 1 1 1 1 1 1 1 1 1 1 1 1 1 1 1 4 2 4 1 1 1 1 1 1 1 1 1 1 1 1 1 1 1 1 1 1 1 1 3 1 1
1 1 1 1 1 1 1 1 1 3 1 1 1 1 1 1 1 1 1 1 1 1 1 1 4 2 4 1 1 1 3 1 1 1 1 1 1 1 1 1 1 1 1 1 1 1 1 1 1 1
1 1 1 1 1 1 3 1 1 1 3 1 1 1 1 1 1 1 1 1 1 1 1 1 4 2 4 3 3 1 1 3 1 1 1 1 3 3 1 1 3 1 1 1 1 1 1 1 1 3
1 1 3 1 1 1 1 1 3 1 1 1 1 1 1 1 1 1 1 1 1 3 1 1 4 2 4 3 1 1 1 1 1 1 1 1 1 1 1 1 1 1 1 1 1 3 1 1 1 1
1 3 1 1 1 1 1 1 1 1 1 1 1 1 1 1 1 1 1 1 1 1 1 1 4 2 4 1 1 1 1 1 1 1 1 1 3 1 1 1 1 1 1 1 3 1 1 1 1 1
3 3 1 1 1 1 1 3 1 3 1 1 1 1 1 1 1 1 1 1 3 3 1 1 4 2 4 1 1 1 1 1 1 1 1 1 1 1 1 1 1 1 3 1 1 1 3 1 1 1
3 1 1 1 1 1 1 1 1 3 1 1 1 1 1 1 1 1 1 1 1 1 1 1 4 2 4 1 1 1 1 1 1 1 1 1 1 1 1 1 1 1 1 1 1 1 1 1 1 1
1 1 1 1 3 1 3 1 1 1 1 1 1 1 1 1 1 1 3 1 1 1 3 1 4 2 4 1 1 1 1 1 1 1 1 1 1 3 1 3 1 1 1 1 1 1 1 1 1 1
1 1 1 1 1 1 1 1 1 1 1 1 1 1 1 1 1 1 1 3 3 1 3 1 4 2 4 3 1 3 3 1 1 1 1 1 1 1 1 1 1 1 1 1 1 1 1 1 1 3